           1    1.000000e+00    1.000000e+00    0.000000e+00
           2    1.500000e+00    1.500000e+00    0.000000e+00
           4    2.083333e+00    2.083333e+00    1.192093e-07
           8    2.717857e+00    2.717857e+00    1.192093e-07
          16    3.380729e+00    3.380729e+00    5.960464e-08
          32    4.058496e+00    4.058496e+00    0.000000e+00
          64    4.743892e+00    4.743891e+00    1.192093e-07
         128    5.433147e+00    5.433146e+00    1.192093e-07
         256    6.124346e+00    6.124345e+00    1.192093e-07
         512    6.816517e+00    6.816516e+00    2.384186e-07
        1024    7.509183e+00    7.509176e+00    8.344650e-07
        2048    8.202082e+00    8.202080e+00    2.384186e-07
        4096    8.895108e+00    8.895104e+00    4.768372e-07
        8192    9.588196e+00    9.588188e+00    8.344650e-07
       16384    1.028131e+01    1.028131e+01    6.556511e-07
       32768    1.097441e+01    1.097444e+01    3.099442e-06
       65536    1.166743e+01    1.166759e+01    1.370907e-05
      131072    1.236009e+01    1.236073e+01    5.233288e-05
      262144    1.305130e+01    1.305388e+01    1.974106e-04
      524288    1.373702e+01    1.374706e+01    7.302165e-04
     1048576    1.440368e+01    1.444023e+01    2.530932e-03
     2097152    1.540368e+01    1.513290e+01    1.789367e-02
     4194304    1.540368e+01    1.582961e+01    2.690679e-02
     8388608    1.540368e+01    1.651415e+01    6.724352e-02
    16777216    1.540368e+01    1.723271e+01    1.061369e-01
    33554432    1.540368e+01    1.782765e+01    1.359667e-01
    67108864    1.540368e+01    1.880792e+01    1.810001e-01
   134217728    1.540368e+01    1.880792e+01    1.810001e-01
   268435456    1.540368e+01    1.880792e+01    1.810001e-01
   536870912    1.540368e+01    1.880792e+01    1.810001e-01
